#I=0,10,0.00245; plot data from C:\rl\intranet\AU3\TP2010\modele1.vsm @ Tue Sep 07 11:20:59 2010
20,10.0422
20,10.77
20,10.5272
20,10.1888
20,10.0317
20,10.9113
20,10.7155
20,10.3431
20,10.4048
20,10.3698
20,10.2545
20,10.4661
20,10.411
20,10.4031
20,10.1261
20,10.2714
20,10.7302
20,10.4802
20,11.0463
20,10.5797
20,10.446
20,10.6879
20,10.7112
20,10.091
20,10.5849
20,10.182
20,10.394
20,10.0861
20,10.8009
20,10.676
20,10.4446
20,10.303
20,10.3614
20,10.6901
20,10.111
20,10.7521
20,10.8225
20,10.6847
20,10.3647
20,10.8486
20,11.0372
20,10.929
20,11.0498
20,10.4843
20,10.674
20,10.8605
20,10.5764
20,10.1922
20,10.7743
20,11.0423
20,10.7823
20,10.2504
20,10.709
20,11.0061
20,10.3469
20,10.1885
20,10.598
20,11.0748
20,10.3519
20,10.4241
20,10.9417
20,10.8627
20,10.325
20,10.5142
20,10.8552
20,10.5994
20,10.676
20,10.3262
20,10.9614
20,10.4361
20,10.7495
20,10.872
20,10.2628
20,10.8554
20,10.4387
20,10.928
20,10.2275
20,10.916
20,10.2986
20,11.0849
20,10.7054
20,10.4601
20,10.2321
20,10.8202
20,10.4663
20,11.1215
20,11.0538
20,10.9618
20,10.8831
20,10.9044
20,10.7472
20,10.4091
20,10.6366
20,10.4776
20,10.5086
20,11.0216
20,11.0748
20,10.3913
20,10.3565
20,10.6528
20,10.6962
20,10.6448
20,10.9541
20,10.3653
20,10.9752
20,10.3256
20,10.6834
20,11.046
20,10.3053
20,11.08
20,10.798
20,10.8544
20,10.9638
20,10.4835
20,10.3787
20,10.9265
20,11.0397
20,10.658
20,10.5862
20,10.6295
20,10.5476
20,10.6658
20,10.7102
20,10.2849
20,10.4573
20,10.2803
20,10.8624
20,10.2977
20,10.3606
20,10.6378
20,10.2035
20,11.0847
20,10.8193
20,10.6389
20,10.6692
20,10.3821
20,10.5663
20,10.2026
20,10.588
20,11.098
20,10.2861
20,10.2502
20,11.0911
20,10.7596
20,10.8075
20,10.567
20,11.0499
20,10.6357
20,10.7413
20,10.1867
20,10.5192
20,10.8918
20,10.9965
20,11.0617
20,10.7596
20,10.7063
20,11.1233
20,10.2966
20,10.7243
20,10.943
20,10.4514
20,10.7463
20,10.2383
20,11.0958
20,10.5118
20,10.2493
20,10.8549
20,10.7725
20,10.8836
20,10.3741
20,10.3845
20,10.6867
20,10.7448
20,10.4382
20,10.2493
20,10.814
20,10.2013
20,10.1457
20,10.7647
20,10.9081
20,10.4051
20,10.4904
20,10.3598
20,10.6347
20,10.8525
20,10.3436
20,11.0101
20,10.1893
20,10.3726
20,10.8671
20,10.4867
20,10.454
20,10.1599
20,10.15
20,10.5936
20,11.0129
20,10.3212
20,10.505
20,10.9827
20,10.6584
20,10.9788
20,10.5756
20,10.1709
20,10.4437
20,10.7226
20,10.7944
20,10.5869
20,10.9278
20,10.5062
20,10.0113
20,10.9766
20,10.3861
20,10.0289
20,10.9081
20,10.3346
20,10.4807
20,10.2381
20,10.8305
20,10.2477
20,10.2175
20,10.8553
20,10.2274
20,10.0846
20,10.8407
20,10.1635
20,10.7812
20,10.8103
20,9.96243
20,10.6993
20,10.0288
20,10.8782
20,10.4728
20,10.1862
20,10.1535
20,10.3647
20,10.4051
20,10.7829
20,10.2118
20,10.8339
20,10.4824
20,10.7999
20,9.91354
20,10.0629
20,10.1107
20,10.0341
20,10.3106
20,10.1252
20,9.93503
20,10.3555
20,10.8375
20,10.0403
20,9.9896
20,10.2153
20,10.4234
20,10.0075
20,10.435
20,9.91638
20,10.6262
20,10.1042
20,10.3327
20,10.5054
20,10.5368
20,10.2833
20,10.4811
20,9.90122
20,9.85819
20,10.3492
20,10.4276
20,10.268
20,10.3882
20,10.6763
20,10.6655
20,9.94151
20,10.2542
20,10.2053
20,10.677
20,10.1556
20,10.414
20,9.98892
20,10.2457
20,10.343
20,10.4735
20,10.1359
20,9.93006
20,9.90704
20,10.3952
20,10.5709
20,10.6611
20,10.6831
20,10.2593
20,10.7974
20,10.172
20,10.5293
20,10.121
20,10.7546
20,10.3443
20,9.89104
20,9.84103
20,10.4435
20,10.1487
20,10.6766
20,10.7195
20,9.87133
20,10.0024
20,10.4171
20,10.4171
20,10.5542
20,10.4983
20,10.0286
20,10.3664
20,10.3678
20,10.5765
20,9.89389
20,10.3202
20,10.6111
20,10.6981
20,10.3785
20,9.85256
20,9.97743
20,10.6515
20,10.1249
20,9.92401
20,10.4487
20,10.3499
20,10.278
20,10.5329
20,10.0555
20,9.9159
20,10.272
20,10.2551
20,10.1694
20,9.98804
20,10.3298
20,10.3143
20,10.3669
20,10.2842
20,10.2447
20,10.1077
20,10.2448
20,10.5524
20,10.5506
20,10.421
20,9.88949
20,9.8467
20,10.7055
20,10.4115
20,10.4379
20,10.6389
20,10.1294
20,10.5592
20,10.4066
20,10.4135
20,10.4957
20,10.6023
20,10.4168
20,10.4289
20,10.5227
20,10.5919
20,10.2916
20,10.7185
20,10.5472
20,10.1691
20,10.32
20,10.4641
20,10.2664
20,10.5158
20,10.3708
20,10.7749
20,10.2021
20,10.3493
20,10.0252
20,10.3322
20,10.2926
20,10.0299
20,10.4131
20,10.3876
20,10.6406
20,10.6267
20,10.0282
20,10.4134
20,10.1795
20,10.1831
20,10.2315
20,10.151
20,10.2867
20,10.88
20,10.4747
20,10.5007
20,10.1543
20,10.4882
20,10.2236
20,10.8522
20,10.6226
20,10.8507
20,10.9023
20,10.2255
20,10.2369
20,10.6869
20,10.9151
20,10.1168
20,10.7394
20,10.0726
20,10.0759
20,10.9276
20,9.99882
20,10.9393
20,10.8518
20,10.8547
20,10.6711
30,10.2436
30,10.2794
30,10.2888
30,11.2276
30,10.7063
30,10.6507
30,11.3886
30,11.1829
30,11.3511
30,11.6883
30,11.8885
30,11.5803
30,12.0544
30,12.1543
30,11.7329
30,12.0356
30,12.3855
30,12.1122
30,11.9099
30,12.6767
30,11.8229
30,12.46
30,12.9842
30,12.4269
30,12.7623
30,12.7423
30,12.4475
30,13.1767
30,13.4915
30,13.3888
30,12.8395
30,13.5037
30,13.4722
30,13.7685
30,13.9622
30,13.2891
30,13.5687
30,14.1352
30,13.6421
30,14.154
30,13.691
30,13.7985
30,14.2322
30,13.9295
30,14.7291
30,14.91
30,14.8649
30,14.8295
30,15.0864
30,14.4215
30,14.9561
30,15.402
30,14.7044
30,14.6215
30,15.1499
30,15.533
30,15.3904
30,15.2501
30,15.5575
30,15.345
30,15.1817
30,15.6289
30,15.715
30,16.3422
30,16.2103
30,15.6585
30,15.931
30,15.9923
30,15.8947
30,16.5721
30,16.2037
30,16.0024
30,16.1735
30,16.5308
30,17.1389
30,17.1274
30,16.9389
30,17.1875
30,16.9157
30,16.6733
30,17.0823
30,16.8367
30,17.5296
30,17.2606
30,17.4561
30,17.3641
30,18.0121
30,17.3294
30,17.9565
30,17.4024
30,17.8253
30,17.5696
30,17.6861
30,18.4333
30,17.9278
30,18.3664
30,18.7415
30,18.3354
30,18.6021
30,18.9819
30,19.0343
30,18.3904
30,18.8564
30,18.5672
30,18.9206
30,19.2313
30,18.7366
30,19.4473
30,19.4021
30,19.641
30,19.497
30,19.5766
30,19.4156
30,19.2884
30,19.0389
30,19.7296
30,19.2518
30,19.7304
30,19.8391
30,19.5751
30,19.8002
30,19.5607
30,20.3961
30,19.8532
30,20.4426
30,19.7277
30,20.742
30,20.329
30,20.3606
30,20.3311
30,20.9431
30,20.6987
30,20.5494
30,20.9142
30,21.212
30,20.5179
30,20.7682
30,21.1096
30,21.0111
30,21.3239
30,21.4226
30,21.625
30,21.6978
30,21.3403
30,21.3102
30,21.7064
30,21.6529
30,21.167
30,21.2528
30,21.6745
30,22.2171
30,21.7764
30,21.5795
30,22.415
30,22.0861
30,22.2217
30,22.0559
30,22.3139
30,21.8075
30,22.6141
30,22.1175
30,22.284
30,22.8023
30,22.113
30,22.5061
30,22.926
30,22.4697
30,22.5769
30,22.6155
30,23.0838
30,23.2317
30,23.4024
30,23.4263
30,23.4954
30,23.1858
30,22.7197
30,23.4262
30,23.2695
30,23.475
30,23.2349
30,23.1304
30,23.8274
30,24.0373
30,23.6996
30,24.0101
30,23.6876
30,24.1146
30,23.4948
30,24.2952
30,23.4104
30,23.6039
30,23.8481
30,23.6984
30,23.6321
30,23.9877
30,24.4262
30,24.6303
30,24.7736
30,24.4596
30,24.5766
30,24.4955
30,24.674
30,24.5132
30,24.7615
30,24.4575
30,24.6197
30,24.7794
30,25.1996
30,24.8137
30,25.2519
30,24.4997
30,24.81
30,25.3949
30,25.3513
30,25.0855
30,25.4668
30,25.1379
30,25.5794
30,25.2674
30,25.5699
30,25.1913
30,25.807
30,25.7741
30,25.4532
30,26.0419
30,26.0616
30,26.0926
30,25.4615
30,26.0804
30,25.5095
30,25.8035
30,26.1229
30,26.3053
30,26.3028
30,26.3655
30,26.5482
30,26.0705
30,25.9482
30,26.4088
30,25.9919
30,26.8075
30,26.5156
30,26.4109
30,26.464
30,26.5737
30,26.3712
30,26.7887
30,26.8714
30,26.9961
30,26.682
30,26.9956
30,27.3778
30,26.6109
30,27.5114
30,26.573
30,26.6628
30,27.436
30,27.3584
30,27.6477
30,26.9139
30,27.2388
30,27.1398
30,27.6005
30,26.9715
30,27.4192
30,27.3197
30,28.0435
30,28.0479
30,27.9946
30,27.8275
30,28.245
30,27.4173
30,27.8351
30,28.1806
30,27.8003
30,28.4436
30,27.8188
30,28.1129
30,27.9713
30,28.0224
30,28.4822
30,28.592
30,27.9046
30,27.9739
30,28.3186
30,28.7154
30,28.8425
30,28.5076
30,28.8935
30,28.9243
30,28.9849
30,28.6328
30,28.4697
30,29.1621
30,28.5626
30,28.8638
30,29.1239
30,29.147
30,28.6387
30,29.4441
30,29.2638
30,29.0557
30,29.0311
30,28.994
30,29.2816
30,28.9856
30,28.865
30,29.5351
30,29.3801
30,29.9124
30,29.603
30,29.6742
30,29.4632
30,29.5551
30,29.2152
30,30.1429
30,29.6893
30,29.7165
30,30.0544
30,29.8406
30,30.1292
30,30.3137
30,29.6162
30,30.2265
30,29.8762
30,29.8711
30,30.5304
30,30.2103
30,30.6742
30,30.4701
30,30.5748
30,29.9786
30,30.5534
30,30.15
30,30.4667
30,30.8509
30,30.5092
30,30.9355
30,30.2111
30,31.1418
30,31.0938
30,30.7541
30,30.3358
30,30.3226
30,30.7943
30,30.5968
30,30.5452
30,30.5642
30,31.4122
30,31.2949
30,30.6939
30,31.4326
30,30.7346
30,31.5514
30,30.8307
30,31.3073
30,30.8794
30,31.1686
30,31.4922
30,31.909
30,31.8615
30,31.4882
30,31.8543
30,31.3626
30,31.2387
30,31.7841
30,31.8744
30,32.2294
30,31.8104
30,31.8902
30,31.5791
30,31.6179
30,32.0669
30,32.3637
30,31.9198
30,32.4976
30,32.5069
30,32.5247
30,31.7165
30,32.4554
30,32.7257
30,31.8924
30,32.3157
30,32.4195
30,31.8994
30,32.6873
30,32.793
30,32.1221
30,32.7993
30,32.4533
30,32.5832
30,32.9767
30,32.2857
30,32.309
30,32.6264
30,33.2481
30,33.3187
30,33.2526
30,32.5939
30,32.7954
30,32.9951
30,32.82
30,33.311
30,33.0822
30,33.0878
30,33.2791
30,33.4282
30,33.5994
30,32.8242
30,33.3249
30,33.5183
30,33.0112
30,33.0236
30,33.8363
30,33.4383
30,33.0541
30,33.622
30,33.3994
30,33.2147
30,34.0748
30,34.0875
30,33.8882
30,34.1414
30,34.105
30,33.4266
30,34.2488
30,33.8793
30,33.9093
30,34.1472
30,34.3333
30,34.4922
30,34.1773
30,34.2665
30,34.0112
30,34.6138
30,34.0253
30,34.2581
30,34.428
30,34.486
30,33.8437
30,34.3107
30,34.5076
30,34.6289
30,34.6063
30,34.0148
30,34.3579
30,34.1267
30,34.1432
30,34.2776
30,35.0653
30,34.7588
30,34.351
30,35.2148
30,34.5295
30,34.8121
30,34.5132
30,35.0453
30,34.4736
30,34.9121
30,35.4081
30,34.7526
30,35.203
30,35.0399
30,35.0846
30,34.7971
30,34.6486
30,35.2621
30,34.719
30,35.2042
30,35.1634
30,35.2812
30,34.8431
30,35.2167
30,35.1114
30,35.8267
30,35.9292
30,35.1539
30,35.7102
30,35.3391
30,35.1528
30,35.7542
30,35.4164
30,35.7151
30,35.5476
30,35.4003
30,35.33
30,35.5534
30,35.7839
30,36.273
30,35.5488
30,36.1905
30,36.1249
30,36.2225
30,36.0899
30,35.6165
30,36.4745
30,36.4093
30,35.8121
30,35.6985
30,35.8724
30,35.6868
30,36.3797
30,36.0057
30,36.6202
30,35.7768
30,36.5643
30,35.8086
30,36.0888
30,35.9326
30,36.4541
30,36.6397
30,36.76
30,35.997
30,36.2479
30,36.3383
30,36.2595
30,37.0133
30,37.0115
30,36.6157
30,36.269
30,36.8443
30,36.8156
30,36.3885
30,36.8634
30,37.0811
30,36.4993
30,36.713
30,37.0011
30,36.8146
30,36.6633
30,37.2324
30,36.862
30,37.3286
30,36.6041
30,37.334
30,36.8597
30,36.6163
30,37.2534
30,36.6012
30,37.2771
30,37.398
30,37.1802
30,36.8206
30,37.1394
30,36.6925
30,36.8686
30,37.5676
30,37.1805
30,37.4514
30,37.3227
30,37.6507
30,37.3799
30,37.2589
30,37.3931
30,37.7779
30,37.43
30,37.155
30,37.7929
30,37.2473
30,37.4697
30,37.6535
30,37.6017
30,37.6599
30,37.7236
30,37.2147
30,37.873
30,37.4524
30,37.4889
30,37.4842
30,37.973
30,37.2403
30,37.6982
30,37.6787
30,37.3218
30,37.4953
30,38.2664
30,37.5234
30,37.462
30,37.7963
30,37.6507
30,38.096
30,37.6932
30,38.4048
30,38.3067
30,37.5777
30,38.1306
30,37.9005
30,38.3612
30,37.894
30,37.7268
30,38.3656
30,37.615
30,37.7219
30,38.302
30,38.5871
30,38.0814
30,38.029
30,37.988
30,38.7061
30,38.3986
30,38.3749
30,38.4227
30,38.1968
30,38.5518
30,37.9392
30,38.3696
30,38.5626
30,38.3833
30,38.8509
30,38.7434
30,38.6778
30,38.7007
30,38.8384
30,38.7811
30,38.1766
30,38.1235
30,38.4035
30,38.9881
30,39.0222
30,38.7195
30,38.2602
30,38.295
30,38.5573
30,38.2576
30,38.5322
30,38.2078
30,38.9216
30,38.6727
30,38.7119
30,38.6151
30,38.4382
30,38.7589
30,38.3319
30,38.9701
30,38.9506
30,39.2912
30,39.1033
30,38.5702
30,39.223
30,38.7362
30,39.2236
30,38.7694
30,38.8776
30,39.282
30,38.9656
30,38.5288
30,39.2592
30,39.0796
30,38.896
30,39.5546
30,38.8609
30,38.6714
30,39.0998
30,38.7337
30,38.7293
30,39.0624
30,39.1352
30,38.7899
30,39.033
30,38.9693
30,39.7156
30,39.3455
30,39.2933
30,39.0552
30,39.119
30,39.4308
30,39.6552
30,39.7832
30,39.8183
30,39.3689
30,39.214
30,39.084
30,39.1114
30,39.0236
30,39.737
30,39.4875
30,39.2523
30,39.1869
30,39.3647
30,39.3857
30,39.4478
30,39.2442
30,39.829
30,39.9261
30,39.3733
30,39.6367
30,39.3902
30,39.8558
30,39.2074
30,39.8698
30,39.2452
30,39.5049
30,39.4544
30,40.1641
30,39.8815
30,40.2491
30,39.3051
30,39.6435
30,39.9554
30,39.4217
30,39.5269
30,40.1624
30,39.8804
30,39.8121
30,39.5653
30,40.1863
30,40.2694
30,40.3266
30,40.1902
30,40.3911
30,39.7242
30,40.2313
30,40.3222
30,40.1183
30,40.1536
30,39.7198
30,40.402
30,40.1243
30,40.2961
30,40.2768
30,40.3526
30,39.8675
30,40.2821
30,40.0393
30,40.4107
30,40.7039
30,39.8463
30,40.4627
30,40.2736
30,40.1556
30,39.9059
30,40.1693
30,40.745
30,40.5417
30,40.6999
30,40.5009
30,40.6014
30,40.623
30,40.7891
30,40.3264
30,40.9029
30,40.1471
30,40.6627
30,40.0053
30,40.4125
30,40.1851
30,40.5908
30,40.0623
30,40.3802
30,40.2585
30,40.2363
30,40.1851
30,40.8853
30,40.7667
30,40.9297
30,41.1245
30,40.3267
30,41.1726
30,41.2024
30,40.5184
30,40.5109
30,40.3777
30,40.4427
30,40.5927
30,40.729
30,41.2456
30,41.2734
30,40.6763
30,40.8783
30,41.3134
30,41.3412
30,41.3004
30,40.9695
30,40.6846
30,40.8018
30,40.8719
30,41.2716
30,41.2521
30,40.7998
30,41.4501
30,41.1327
30,40.6523
30,41.3636
30,40.7634
30,40.8527
30,41.6364
30,41.493
30,41.1822
30,41.4092
30,40.8289
30,41.3365
30,41.0062
30,41.021
30,41.3973
30,41.5599
30,41.5802
30,41.4229
30,41.516
30,41.544
30,41.3854
30,41.5321
30,41.4301
30,41.4481
30,41.1763
30,41.2788
30,41.8147
30,41.1078
30,41.5383
30,41.7166
30,41.3453
30,41.5014
30,41.4784
30,41.7184
30,41.9413
30,41.8434
30,41.1769
30,41.999
30,41.7912
30,41.3113
30,41.394
30,41.9165
30,41.5257
30,41.247
30,41.5518
30,41.3047
30,42.1336
30,41.3028
30,41.4239
30,41.5381
30,41.9786
30,42.149
30,41.8709
30,42.0925
30,41.8419
30,42.2679
30,42.0384
30,42.0412
30,41.5391
30,41.8195
30,41.7309
30,41.5635
30,41.7716
30,41.875
30,42.4508
30,41.6156
30,42.5439
30,42.2754
30,42.0482
30,41.8617
30,42.5309
30,42.5985
30,41.6344
30,42.5735
30,41.9503
30,42.5286
30,42.0525
30,42.502
30,42.5703
30,42.3487
30,42.372
30,42.7512
30,42.5564
30,42.3566
30,42.4898
30,42.7274
30,42.2214
30,42.4759
30,42.7353
30,42.4877
30,42.255
30,42.2213
30,42.1842
30,42.6305
30,42.7185
30,41.9638
30,42.3668
30,42.3631
30,42.0347
30,42.2588
30,42.9429
30,42.6237
30,42.5047
30,42.0908
30,42.4748
30,42.9987
30,42.6531
30,42.5255
30,42.7351
30,42.2113
30,42.2073
30,42.4715
30,42.1315
30,43.0154
30,42.6029
30,43.0368
30,42.4108
30,42.5529
30,42.2354
30,42.3046
30,42.8435
30,42.3312
30,42.9676
30,43.0511
30,42.457
30,43.0842
30,42.9514
30,42.7489
30,42.5787
30,42.4827
30,42.4024
30,42.4772
30,42.4675
30,42.4659
30,43.0558
30,43.2047
30,43.1709
30,42.857
30,42.9581
30,42.733
30,42.8689
30,42.5351
30,42.7821
30,43.0638
30,42.6909
30,43.1048
30,42.8355
30,43.274
30,42.5791
30,42.5201
30,43.0973
30,43.3217
30,42.609
30,43.3029
30,43.3482
30,42.5737
30,42.6353
30,42.7881
30,42.9121
30,42.602
30,43.3113
30,43.0394
30,43.0093
30,42.8736
30,42.8766
30,43.1239
30,43.2265
30,42.9304
30,43.129
30,43.0005
30,42.9694
30,43.26
30,43.3888
30,43.4901
30,42.8494
30,42.7098
30,42.9003
30,43.3231
30,43.6308
30,43.5845
30,43.0625
30,43.1932
30,43.2291
30,43.6382
30,42.9541
30,42.8717
30,43.0811
30,42.9338
30,43.5188
30,42.935
30,43.646
30,43.7093
30,43.4563
30,43.4943
30,43.6425
30,42.9104
30,43.6682
30,43.1602
30,43.8276
30,43.8022
30,42.9418
30,43.6876
30,43.6652
30,43.5275
30,43.6984
30,42.9237
30,43.3823
30,43.5325
30,43.6535
30,43.3735
30,43.138
30,42.9681
30,43.258
30,43.1458
30,43.068
30,43.3922
30,43.803
30,43.2198
30,43.0565
30,42.9476
30,43.6469
30,43.361
30,43.0518
30,43.2278
30,43.5069
30,43.2711
30,43.4922
30,43.1958
30,43.3682
30,43.4871
30,43.2619
30,43.7005
30,43.1034
30,43.4937
30,43.6102
30,43.0737
30,43.0981
30,43.3364
30,43.2326
30,43.0424
30,43.2652
30,43.7778
30,43.4701
30,43.8797
30,43.3998
30,43.9663
30,43.8427
30,43.1729
30,43.6275
30,43.6505
30,43.545
30,43.5707
30,43.8972
30,43.1715
30,43.5931
30,43.9695
30,43.9827
30,43.9876
30,44.0158
30,43.699
30,43.6859
30,43.6996
30,44.0624
30,43.5577
30,44.1363
30,43.3576
30,43.2509
30,43.5424
30,44.1062
30,43.2806
30,43.3804
30,43.4396
30,43.9238
30,44.1259
30,43.8172
30,43.9599
30,43.8789
30,43.7902
30,43.8155
30,43.5387
30,44.1565
30,43.5551
30,43.9197
30,43.6181
30,43.644
30,43.236
30,43.2916
30,44.1084
30,43.341
30,43.3016
30,43.3642
30,43.3974
30,43.5161
30,44.0065
30,44.074
30,43.5139
30,43.4118
30,44.0572
30,43.8011
30,43.3833
30,43.9016
30,44.1652
30,43.9176
30,44.0987
30,44.167
30,44.1558
30,43.8191
30,44.1832
30,43.4841
30,43.696
30,43.7319
30,44.0278
30,43.7154
30,43.6468
30,43.8782
30,43.5562
30,44.1758
30,44.0579
30,43.6386
30,44.363
30,44.2039
30,43.856
30,43.8178
30,44.3256
30,44.0956
30,44.1103
30,43.9251
30,44.0272
30,43.5093
30,44.3853
30,43.8432
30,43.9661
30,43.6797
30,44.3185
30,43.9035
30,44.1834
30,44.3664
30,43.5716
30,43.5328
30,43.9103
30,43.8655
30,43.9132
30,43.7205
30,43.871
30,43.6617
30,43.9146
30,43.6902
30,43.7464
30,43.8725
30,44.2076
30,43.6004
30,44.2408
30,44.4492
30,43.9209
30,44.5542
30,44.2714
30,44.1304
30,43.8183
30,44.4907
30,44.193
30,44.3785
30,44.4288
30,44.4412
30,44.0761
30,43.9835
30,44.476
30,44.2215
30,44.4516
30,44.0825
30,44.4166
30,44.1932
30,44.3629
30,44.5347
30,44.5711
30,44.5768
30,44.5224
30,44.2875
30,44.3114
30,44.5829
30,43.9316
30,44.2017
30,44.535
30,43.8787
30,44.3238
30,44.6097
30,44.0539
30,43.8783
30,44.1364
30,44.7192
30,43.8382
30,44.6012
30,44.5166
30,44.7742
30,43.9473
30,44.5435
30,44.0158
30,43.9546
30,44.7277
30,44.3225
30,44.6037
30,44.3844
30,43.9854
30,44.7077
30,43.9435
30,44.8499
30,44.1473
30,44.564
30,44.5487
30,44.2741
30,44.5495
30,44.8691
30,44.1203
30,44.3001
30,44.4009
30,44.6461
30,44.2233
30,44.4511
30,44.4427
30,44.9808
30,44.3997
30,44.7797
30,44.174
30,44.5007
30,44.7778
30,44.1972
30,44.7904
30,44.4911
30,44.5691
30,45.065
30,45.0422
30,44.5273
30,44.9497
30,44.859
30,44.98
30,45.0969
30,45.0555
30,44.9201
30,44.2922
30,44.2195
30,44.8376
30,44.8236
30,44.5455
30,44.3685
30,44.2475
30,44.6186
30,45.0335
30,44.4013
30,44.9853
30,44.6937
30,44.3207
30,44.6183
30,44.3177
30,44.4979
30,44.3439
30,45.2525
30,44.4341
30,44.3422
30,44.4761
30,44.6087
30,44.6178
30,44.6992
30,44.4726
30,44.4447
30,44.9546
30,44.6464
30,44.746
30,44.9517
30,44.9
30,45.1524
30,44.8584
30,44.8862
30,44.7219
30,44.7194
30,44.6293
30,45.0191
30,45.1797
30,45.2281
30,45.304
30,45.0521
30,45.2199
30,44.6264
30,44.682
30,44.9767
30,45.0285
30,44.7431
30,45.4104
30,44.5979
30,44.6322
30,44.7576
30,45.0752
30,45.4096
30,44.6361
30,45.1174
30,44.8373
30,44.5526
30,45.402
30,44.6772
30,44.7038
30,45.4979
30,44.6962
30,45.5405
30,44.6831
30,45.3545
30,45.2614
30,45.2949
30,45.6079
30,45.4618
30,44.7323
30,45.1197
30,45.3618
30,44.7618
30,45.2415
30,44.8396
30,45.1269
30,44.6723
30,45.0036
30,45.1439
30,44.8223
30,45.6809
30,45.6112
30,45.0244
30,45.114
30,45.4703
30,44.8964
30,45.1263
30,45.1053
30,45.4841
30,45.2238
30,45.3255
30,45.2454
30,45.3526
30,45.1443
30,45.4409
30,45.1015
30,45.2667
30,45.0266
30,45.1928
30,45.224
30,45.5691
30,45.1318
30,44.8485
30,45.2156
30,45.5977
30,45.1104
30,45.0529
30,45.7764
30,44.9299
30,45.2581
30,45.2951
30,44.8588
30,45.4845
30,45.7233
30,45.138
30,45.1447
30,45.6851
30,45.7319
30,45.4341
30,45.3842
30,45.0539
30,45.2982
30,45.5213
30,45.0459
30,45.5759
30,45.8457
30,45.311
30,44.919
30,45.1332
30,45.7523
30,45.2885
30,45.0078
30,44.9512
30,45.0739
30,45.7288
30,45.3748
30,45.6836
30,45.4747
30,45.6946
30,44.945
30,45.8341
30,45.8249
30,45.5352
30,45.5168
30,44.9023
30,45.4979
30,45.1888
30,45.724
30,45.8211
30,45.3894
30,45.3455
30,45.6533
30,45.8542
30,45.8185
30,45.1691
30,45.5586
30,45.1405
30,45.0378
30,45.7837
30,45.3709
30,45.0195
30,45.1449
30,45.0067
30,45.0161
30,44.9711
30,45.3
30,45.3238
30,45.0006
30,45.4528
30,45.498
30,45.7171
30,45.3783
30,45.508
30,45.5787
30,45.3545
30,45.6389
30,45.0995
30,45.8901
30,45.0627
30,45.005
30,45.0498
30,45.7174
30,45.1753
30,45.1013
30,45.3988
30,45.8687
30,45.6862
30,45.5426
30,45.4968
30,45.2046
30,45.6547
30,45.0051
30,45.4992
30,45.2777
30,45.7338
30,45.5605
30,45.4553
30,45.7353
30,45.0041
30,45.3226
30,45.4107
30,45.5584
30,45.0059
30,45.5105
30,45.0236
30,45.5683
30,45.4314
30,45.9045
30,45.013
30,45.4705
30,45.0941
30,45.3548
30,45.4137
30,44.9877
30,44.9685
30,44.9817
30,45.0737
30,45.8196
30,45.4774
30,45.4824
30,45.6515
30,45.416
30,45.0211
30,45.5933
30,45.8268
30,45.0855
30,45.4474
30,45.2883
30,44.9184
30,45.6834
30,44.9851
30,45.6728
30,45.0648
30,45.4699
30,45.3258
30,45.1975
30,45.1565
30,45.2215
30,45.5058
30,45.8452
30,45.5042
30,45.8435
30,45.4121
30,45.2293
30,45.0451
30,45.3429
30,45.6742
30,45.0525
30,45.2221
30,45.7363
30,45.2188
30,45.655
30,45.7602
30,45.8193
30,45.8279
30,45.8095
30,44.9314
30,45.7329
30,44.9878
30,45.8631
30,45.7283
30,45.7364
30,45.8333
30,45.6037
30,45.3619
30,45.8179
30,45.5573
30,45.2655
30,45.6063
30,45.838
30,45.0953
30,45.6926
30,45.5265
30,45.0692
30,45.4017
30,45.8032
30,45.4294
30,45.109
30,45.7698
30,45.2872
30,45.066
30,45.0686
30,45.5455
30,45.8141
30,45.4716
30,45.332
30,45.0391
30,45.417
30,45.5774
30,45.4002
30,44.9418
30,45.3792
30,45.7592
30,45.8036
30,45.5011
30,45.8566
30,45.2932
30,44.9589
30,45.8357
30,45.0193
30,45.2208
30,45.037
30,45.3402
30,45.2672
30,45.5574
30,45.5771
30,45.6998
30,45.5326
30,45.1942
30,44.957
30,45.2367
30,45.4244
30,45.0963
30,45.3709
30,45.4389
30,45.3055
30,45.1667
30,45.0211
30,45.8021
30,45.5888
30,45.2932
30,45.3137
30,45.7694
30,45.9245
30,44.9869
30,45.4793
30,45.1743
30,45.7111
30,45.414
30,45.4411
30,45.8987
30,45.8716
30,45.3265
30,45.8686
30,45.9421
30,45.2668
30,45.9482
30,45.872
30,45.358
30,45.1364
30,45.3543
30,45.6228
30,45.6039
30,45.7723
30,45.8841
30,45.8335
30,45.7857
30,46.0154
30,45.1538
30,45.5729
30,45.5124
30,45.4996
30,45.7164
30,45.2797
30,45.5129
30,45.4972
30,45.6847
30,45.5402
30,45.8098
30,45.9415
30,45.1571
30,45.1331
30,45.9854
30,45.3261
30,45.5089
30,45.4823
30,45.8928
30,45.8465
30,45.6411
30,45.1712
30,46.012
30,45.8382
30,45.9029
30,45.2707
30,45.5679
30,45.2687
30,45.8198
30,46.0807
30,45.6319
30,45.2569
30,45.7115
30,46.1407
30,45.643
30,45.1981
30,45.301
30,46.0955
30,45.4858
30,45.8105
30,45.8439
30,45.2661
30,45.5275
30,45.9858
30,45.9619
30,45.9801
30,45.3313
30,46.014
30,46.0382
30,45.4877
30,45.5469
30,46.0169
30,46.2583
30,46.1813
30,45.99
30,46.1745
30,45.7963
30,45.6908
30,45.8279
30,46.2358
30,45.9693
30,45.5824
30,46.1105
30,45.6819
30,45.9929
30,46.202
30,45.544
30,45.678
30,45.358
30,45.4541
30,46.3194
30,46.0659
30,45.5306
30,45.5335
30,45.8008
30,45.8888
30,46.2159
30,45.6547
30,45.4755
30,45.9708
30,46.0569
30,46.1771
30,45.8418
30,46.2943
30,46.3653
30,45.9881
30,45.5439
30,45.9047
30,46.2764
30,45.6238
30,45.7465
30,46.3784
30,45.7433
30,45.655
30,45.8215
30,45.4897
30,45.664
30,46.4401
30,46.0281
30,46.2974
30,46.3264
30,46.1006
30,46.4843
30,45.745
30,45.553
30,46.4891
30,46.5007
30,45.8743
30,45.645
30,46.4676
30,46.3408
30,46.4541
30,46.0399
30,46.4439
30,46.4006
30,45.6399
30,46.0253
30,46.1234
30,46.0532
30,45.6444
30,46.408
30,46.5103
30,46.3765
30,46.518
30,46.1036
30,45.8824
30,46.0061
30,46.3098
30,45.7653
30,46.45
30,46.384
30,46.5119
30,46.5545
30,46.0726
30,46.5857
30,45.6517
30,46.1676
30,45.8006
30,45.6544
30,46.5105
30,46.5078
30,45.9125
30,46.1254
30,46.1675
30,46.6338
30,46.5634
30,45.6899
30,45.9069
30,45.8209
30,45.6748
30,46.2398
30,45.8819
30,45.92
30,46.1051
30,46.2154
30,46.4595
30,46.3528
30,45.9701
30,46.1951
30,46.5817
30,46.4147
30,46.0486
30,46.5959
30,46.6273
30,46.4658
30,46.6662
30,46.1454
30,46.3707
30,46.1685
30,45.9127
30,46.0753
30,46.4485
30,45.9734
30,45.7377
30,45.7701
30,46.1645
30,46.4631
30,45.7092
30,46.1933
30,46.0816
30,46.4309
30,46.5912
30,46.0762
30,45.9134
30,45.7812
30,46.1763
30,46.647
30,45.8551
30,46.5104
30,46.3669
30,45.8712
30,46.3858
30,45.7853
30,46.212
30,46.4198
30,46.683
30,46.4754
30,46.4633
30,45.8837
30,46.652
30,46.4568
30,46.4748
30,45.7156
30,46.101
30,46.2438
30,45.8232
30,46.2519
30,46.0513
30,46.6373
30,46.0475
30,45.8674
30,46.4339
30,46.4848
30,45.8421
30,46.6505
30,46.1551
30,45.9419
30,46.009
30,45.8153
30,46.6121
30,46.0382
30,45.7647
30,46.5856
30,46.2947
30,46.3837
30,46.3969
30,46.2839
30,45.802
30,45.9045
30,46.603
30,46.6558
30,45.7115
30,46.5792
30,46.3976
30,46.3874
30,46.417
30,46.5896
30,45.7766
30,45.9197
30,46.4091
30,46.2078
30,46.3238
30,45.6934
30,45.9273
30,46.5382
30,46.4256
30,46.2659
30,45.8623
30,46.5438
30,45.6926
30,45.8114
30,46.0163
30,46.4516
30,46.5715
30,45.9346
30,46.1392
30,46.5409
30,45.9513
30,46.1561
30,45.6647
30,45.8692
30,46.591
30,46.0235
30,46.4034
30,45.6646
30,46.0382
30,45.8937
30,46.5428
30,46.3976
30,46.3009
30,46.113
30,46.5698
30,46.3524
30,45.7494
30,46.5618
30,46.291
30,45.8447
30,45.6822
30,46.186
30,46.2183
30,45.7077
30,45.6231
30,46.2308
30,46.0349
30,46.1262
30,46.1661
30,46.3787
30,46.0417
30,45.9758
30,46.1115
30,46.4635
30,45.976
30,46.4371
30,46.1788
30,46.2708
30,46.3744
30,46.3543
30,45.6391
30,45.712
30,46.4128
30,45.8409
30,45.6385
30,45.6976
30,46.2454
30,46.3002
30,45.7122
30,45.5963
30,46.2137
30,45.6736
30,46.3437
30,45.8111
30,45.933
30,45.9101
30,45.9345
30,45.9771
30,46.3679
30,46.365
30,45.8372
30,46.2296
30,45.6618
30,45.7469
30,45.9077
30,45.9283
30,46.4778
30,45.9798
30,45.9445
30,45.7025
30,45.9077
30,46.0868
30,46.007
30,45.9241
30,45.5115
30,46.0449
30,46.0677
30,45.6139
30,46.2201
30,45.77
30,45.9827
30,45.8078
30,45.6029
30,46.1628
30,45.5015
30,46.1941
30,45.8126
30,45.5032
30,46.2471
30,46.1138
30,45.5767
30,45.6068
30,45.787
30,45.89
30,45.6954
30,46.1754
30,46.0244
30,46.3159
30,45.99
30,46.0355
30,46.1644
30,45.5968
30,46.3331
30,45.7107
30,46.347
30,45.5501
30,46.0545
30,45.6085
30,46.2801
30,45.526
30,46.1425
30,46.1969
30,46.4554
30,45.6567
30,45.5132
30,45.8607
30,46.2196
30,45.744
30,46.4237
30,46.2815
30,45.8332
30,45.9653
30,46.3941
30,46.1366
30,46.0777
30,45.8623
30,45.5299
30,46.0376
30,46.0503
30,46.492
30,45.5746
30,46.3467
30,45.8226
30,45.67
30,46.114
30,45.6097
30,46.1718
30,45.8418
30,45.682
30,46.0463
30,46.0962
30,45.8755
30,46.1997
30,46.4805
30,45.8293
30,45.8577
30,46.0145
30,45.7346
30,46.0049
30,46.2485
30,45.8096
30,45.5718
30,46.4862
30,46.0057
30,45.8117
30,46.0013
30,45.9952
30,46.217
30,45.7927
30,45.8912
30,46.1349
30,45.5822
30,45.8375
30,45.5752
30,45.8125
30,45.8026
30,46.2684
30,46.56
30,46.4172
30,45.8509
30,45.9624
30,45.6629
30,45.9773
30,46.4357
30,45.8215
30,46.0561
30,46.1233
30,46.1716
30,46.0542
30,46.5362
30,46.1635
30,46.0348
30,45.9947
30,45.8882
30,45.7513
30,45.7286
30,46.1403
30,46.1576
30,46.5672
30,45.9204
30,46.0345
30,46.1838
30,46.3035
30,46.4234
30,46.0263
30,46.6314
30,45.7902
30,46.4986
30,46.2546
30,46.0459
30,45.9101
30,45.7458
30,46.603
30,46.4302
30,46.4938
30,45.7758
30,46.4387
30,46.3402
30,45.9122
30,46.5358
30,46.2883
30,46.1935
30,45.9994
30,45.9009
30,46.5085
30,46.0266
30,46.2386
30,46.1184
30,46.6827
30,46.569
30,46.1436
30,46.3448
30,46.332
30,46.7698
30,46.5876
30,46.1595
30,46.7679
30,45.944
30,45.9757
30,46.4855
30,45.8455
30,46.668
30,46.4284
30,46.3298
30,46.0833
30,46.584
30,46.6884
30,45.9533
30,46.638
30,46.3847
30,46.2472
30,46.083
30,46.2187
30,46.3316
30,46.6371
30,46.0982
30,46.8391
30,46.3528
30,46.6928
30,46.7777
30,46.5118
30,46.512
30,46.0143
30,46.3879
30,46.3034
30,46.4938
30,46.4734
30,45.9541
30,45.9401
30,46.2132
30,46.1136
30,46.2721
30,46.5469
30,46.501
30,46.6902
30,46.859
30,46.0549
30,46.1594
30,46.4132
30,46.7171
30,46.5814
30,45.9455
30,46.1132
30,46.8505
30,46.0597
30,46.3646
30,46.7531
30,46.1984
30,46.2031
30,46.0019
30,46.15
30,46.3408
30,46.5968
30,46.3076
30,46.4892
30,46.033
30,46.4359
30,46.8451
30,46.4488
30,46.1414
30,46.6036
30,46.5361
30,46.2867
30,46.4502
30,46.9337
30,46.9762
30,46.047
30,46.9048
30,46.0293
30,46.6494
30,46.0838
30,46.8893
30,46.4896
30,46.6785
30,46.6399
30,46.6822
30,46.6838
30,46.2087
30,46.1587
30,46.8534
30,46.9703
30,46.5066
30,46.6016
30,46.1733
30,46.5465
30,46.094
30,46.0442
30,46.7417
30,46.4155
30,47.0068
30,46.0929
30,46.6767
30,46.6939
30,46.9983
30,46.456
30,46.81
30,46.2605
30,46.4216
30,46.8017
30,46.0924
30,46.9967
30,46.5689
30,46.6359
30,46.515
30,46.3642
30,46.8361
30,46.5432
30,46.0321
30,46.2762
30,46.275
30,46.535
30,46.6376
30,46.7241
30,46.1277
30,46.3604
30,46.9705
30,46.9473
30,46.8631
30,46.6801
30,46.1981
30,46.1882
30,46.6172
30,46.4521
30,46.8606
30,46.5464
30,46.4277
30,46.9871
30,46.7683
30,46.2512
30,46.4044
30,46.5681
30,46.5185
30,46.1089
30,46.4082
30,46.5477
30,46.5598
30,46.0352
30,46.8706
30,46.8359
30,46.2031
30,46.2267
30,46.8585
30,46.4299
30,46.6779
30,46.5136
30,46.1254
30,46.8476
30,46.0679
30,46.2883
30,46.2935
30,46.8342
30,46.9383
30,46.2511
30,46.3067
30,46.2412
30,46.9396
30,46.9001
30,46.4985
30,46.5996
30,46.8068
30,46.5462
30,46.1711
30,46.9144
30,46.4618
30,46.3636
30,46.8213
30,46.0171
30,46.8856
30,46.3195
30,45.9373
30,46.1927
30,46.6781
30,46.5015
30,46.3525
30,46.4212
30,46.5474
30,46.4989
30,46.0138
30,46.2093
30,46.4174
30,46.3104
30,45.9941
30,46.1762
30,46.6327
30,46.385
30,46.3265
30,46.3452
30,46.2231
30,46.6664
30,45.9533
30,45.941
30,45.8844
30,46.3056
30,46.391
30,46.2978
30,46.664
30,46.207
30,46.6664
30,46.1615
30,46.6939
30,46.3715
30,46.6343
30,46.042
30,46.2505
30,45.8611
30,46.1997
30,46.2051
30,46.475
30,45.9458
30,46.6339
30,46.3752
30,46.3776
30,46.6079
30,46.5272
30,46.7228
30,45.9729
30,46.2799
30,46.628
30,46.7223
30,46.0174
30,46.2696
30,46.2347
30,46.2381
30,45.8931
30,46.525
30,46.7359
30,45.7838
30,46.4829
30,46.2773
30,46.4169
30,46.0866
30,45.8114
30,46.3537
30,46.3529
30,46.2568
30,46.39
30,46.5155
30,46.6708
30,46.1299
30,46.5995
30,45.8891
30,46.6114
30,45.8774
30,45.8219
30,45.8043
30,45.8364
30,46.2645
30,45.8812
30,46.308
30,45.8763
30,46.6925
30,46.3557
30,46.3357
30,46.2764
30,46.3156
30,46.6088
30,45.9177
30,45.9985
30,46.6187
30,46.0569
30,45.9236
30,46.5275
30,46.2251
30,46.5576
30,46.2778
30,46.2036
30,46.0538
30,46.2618
30,45.9951
30,46.0587
30,46.4489
30,46.401
30,45.9597
30,46.3126
30,46.3339
30,45.7347
30,45.7343
30,46.1465
30,45.9
30,46.3058
30,46.5521
30,45.9984
30,46.5402
30,46.0089
30,46.2384
30,45.9539
30,45.8973
30,46.5087
30,46.3962
30,46.0597
30,45.9178
30,46.1314
30,46.6038
30,46.172
30,46.6024
30,46.1463
30,45.9578
30,46.5363
30,45.8294
30,45.9565
30,46.5762
30,46.3078
30,45.7589
30,45.7634
30,46.2198
30,46.6714
30,46.2226
30,45.9978
30,45.9857
30,46.1352
30,45.78
30,46.6744
30,46.154
30,46.2012
30,45.8591
30,46.1648
30,46.131
30,46.5272
30,45.9891
30,46.5581
30,46.1027
30,46.2594
30,45.8717
30,45.9228
30,46.2072
30,46.6497
30,46.3646
30,46.356
30,46.6535
30,46.0645
30,46.3546
30,46.0403
30,45.9427
30,46.1814
30,46.0378
30,46.6097
30,45.9991
30,46.559
30,46.6182
30,46.3814
30,46.0367
30,46.098
30,46.2212
30,46.0169
30,45.9808
30,46.4928
30,46.4455
30,46.2146
30,45.8786
30,45.8652
30,46.5003
30,46.648
30,45.7803
30,46.2722
30,46.2101
30,46.1335
30,46.3976
30,45.9894
30,46.7733
30,46.7935
30,46.0117
30,45.9671
30,45.8603
30,46.3452
30,46.3284
30,46.698
30,46.0071
30,46.0267
30,45.8708
30,45.9358
30,46.0424
30,46.6039
30,45.9045
30,46.646
30,45.889
30,46.2831
30,45.9318
30,46.042
30,45.9576
30,46.7499
30,46.0752
30,46.7483
30,46.3795
30,46.147
30,46.0544
30,45.898
30,46.5277
30,46.7819
30,46.621
30,45.9032
30,46.7584
30,46.6482
30,45.9617
30,46.329
30,46.488
30,46.1559
30,46.5211
30,46.7619
30,46.5186
30,46.0371
30,46.3618
30,46.7042
30,46.3475
30,46.4483
30,46.4741
30,46.2382
30,46.0911
30,46.3233
30,46.7675
30,46.1375
30,46.279
30,46.255
30,46.2728
30,46.9095
30,46.1992
30,46.0683
30,46.0688
30,46.3994
30,46.0826
30,46.2882
30,46.5375
30,46.8199
30,46.1087
30,46.6046
30,46.234
30,46.3588
30,46.1328
30,46.8167
30,46.1311
30,47.0136
30,46.5791
30,46.5109
30,46.4506
30,46.2433
30,46.5779
30,46.6436
30,46.2748
30,46.2395
30,47.005
30,46.6563
30,46.8111
30,46.8844
30,46.223
30,46.9569
30,46.3423
30,46.8567
30,46.3877
30,46.6988
30,47.0246
30,46.5047
30,46.4699
30,47.0371
30,46.3017
30,46.7479
30,46.8164
30,46.8697
30,47.0584
30,46.1512
30,46.6981
30,46.6339
30,46.2078
30,46.514
30,46.4869
30,47.0571
30,47.0376
30,46.385
30,46.5636
30,46.94
30,46.9346
30,46.8153
30,46.5125
30,46.7318
30,46.6501
30,46.4689
30,46.8135
30,46.3027
30,46.4947
30,46.2221
30,46.5519
30,47.0265
30,46.1575
30,46.5347
30,46.9947
30,46.6435
30,46.6035
30,46.9621
30,46.997
30,47.0952
30,47.0573
30,47.0903
30,46.6494
30,46.275
30,46.5977
30,46.7003
30,46.8563
30,46.6547
30,46.5239
30,47.1279
30,46.9353
30,46.1502
30,46.2788
30,46.7892
30,46.7533
30,46.2805
30,46.8945
30,46.7067
30,46.4307
30,46.846
30,46.5353
30,46.2137
30,47.0924
30,47.0052
30,46.3758
30,46.2341
30,46.4757
30,46.24
30,46.1648
30,46.3528
30,46.473
30,47.0617
30,47.0385
30,46.3452
30,46.9668
30,46.2309
30,47.0894
30,46.4217
30,47.0393
30,46.6966
30,46.229
30,46.887
30,46.1546
30,47.0225
30,46.3357
30,46.7142
30,46.8066
30,46.264
30,46.7109
30,46.3818
30,46.5957
30,46.7578
30,46.9936
30,46.8577
30,46.5864
30,46.4695
30,46.9128
30,46.7187
30,46.7363
30,46.1411
30,46.3629
30,46.5935
30,46.3215
30,46.7835
30,46.1847
30,46.3713
30,46.9998
30,46.9499
30,46.6451
30,46.5877
30,46.7549
30,46.88
30,46.8384
30,47.0002
30,47.0336
30,46.9403
30,46.9195
30,46.4316
30,46.0941
30,46.2312
30,46.8354
30,46.7378
30,46.6521
30,46.8765
30,46.2671
30,46.8889
30,46.0271
30,47.0148
30,46.7019
30,46.2095
30,46.6008
30,46.2939
30,46.1476
30,46.5443
30,46.5434
30,46.562
30,46.2199
30,46.2017
30,46.361
30,46.8756
30,46.5631
30,46.1422
30,46.0817
30,46.6841
30,46.5697
30,46.6476
30,46.3478
30,46.1404
30,46.0232
30,46.2731
30,46.549
30,46.8223
30,46.5297
30,46.3107
30,46.4597
30,46.8817
30,46.1153
30,46.6506
30,46.6024
30,45.9887
30,46.6223
30,46.1041
30,46.0959
30,46.6159
30,46.1375
30,46.5147
30,46.7675
30,46.0198
30,46.7901
30,46.658
30,46.0962
30,46.637
30,46.7647
30,46.2791
30,46.6586
30,46.236
30,46.1685
30,46.0198
30,45.9551
30,46.5392
30,46.5669
30,45.9725
30,46.4406
30,46.1205
30,46.3925
30,46.2405
30,46.749
30,46.6757
30,45.9351
30,46.045
30,46.6109
30,46.5586
30,46.4042
30,45.907
30,46.2238
30,46.5793
30,46.3144
30,46.8001
30,46.1891
30,46.2468
30,46.0528
30,45.8942
30,46.7828
30,46.7637
30,46.4525
30,46.0722
30,45.8578
30,45.8477
30,46.074
30,46.2195
30,46.2263
30,46.756
30,46.1219
30,46.3675
30,45.8409
30,45.859
30,46.7772
30,46.7153
30,45.9748
30,45.8449
30,45.9764
30,46.4533
30,45.791
30,45.9499
30,46.3347
30,46.5235
30,45.9311
30,46.1735
30,46.7465
30,46.5647
30,45.8039
30,46.1587
30,45.9312
30,46.3381
30,45.7756
30,45.8902
30,46.3891
30,45.8212
30,46.1825
30,46.1718
30,46.3944
30,46.4136
30,46.0277
30,46.628
30,46.1422
30,46.2308
30,45.7886
30,45.7948
30,46.2795
30,45.7773
30,45.8696
30,46.2624
30,46.0086
30,46.1994
30,46.2361
30,46.0028
30,46.2131
30,46.0576
30,46.4552
30,46.355
30,46.7232
30,46.053
30,45.8354
30,46.6257
30,45.8664
30,46.2062
30,46.6053
30,46.1274
30,45.7899
30,46.0449
30,46.0099
30,46.7218
30,45.9524
30,46.182
30,46.395
30,46.4824
30,46.5368
30,46.1434
30,46.2701
30,46.1131
30,46.4541
30,46.103
30,46.4764
30,46.6926
30,46.5772
30,46.4594
30,46.0426
30,46.7374
30,46.1576
30,46.6854
30,45.8684
30,46.0681
30,45.8843
30,45.868
30,46.2265
30,46.2304
30,46.774
30,46.0305
30,46.0398
30,46.3914
30,46.2956
30,45.9235
30,46.1619
30,46.2001
30,46.7988
30,46.7659
30,46.2574
30,46.0719
30,45.9675
30,46.4611
30,46.0962
30,46.4135
30,46.1913
30,46.2803
30,46.167
30,46.4798
30,46.8343
30,46.5715
30,46.6485
30,46.4122
30,45.9628
30,46.7951
30,46.3444
30,46.19
30,46.5897
30,45.8778
30,46.3772
30,46.6869
30,46.2638
30,46.7283
30,46.5815
30,46.6383
30,46.5937
30,46.3977
30,46.1192
30,46.7879
30,45.9211
30,46.5285
30,46.8256
30,45.9292
30,46.1753
30,46.6764
30,46.6358
30,46.3606
30,46.5652
30,46.914
30,46.8116
30,46.6891
30,46.5809
30,46.1073
30,46.8062
30,46.5112
30,46.825
30,46.5822
30,46.8727
30,46.0111
30,46.2683
30,46.4615
30,46.7294
30,46.2122
30,46.1036
30,46.4082
30,46.3249
30,46.4367
30,46.2617
30,46.8236
30,46.3226
30,46.3873
30,46.2167
30,46.3817
30,46.2986
30,46.0864
30,46.3566
30,46.2427
30,46.1135
30,46.9713
30,46.4321
30,46.8507
30,46.8527
30,46.3854
30,46.12
30,46.8157
30,46.3737
30,46.2933
30,46.9566
30,46.492
30,46.7967
30,46.5916
30,46.2737
30,46.5103
30,46.1843
30,46.7664
30,46.2212
30,46.9431
30,46.8592
30,46.9039
30,46.6793
30,46.4759
30,46.7291
30,46.3416
30,46.5163
30,46.357
30,46.9908
30,46.8184
30,46.7269
30,46.4005
30,46.7326
30,47.0173
30,46.6709
30,46.9294
30,46.7455
30,46.6488
30,46.9245
30,46.6146
30,47.0002
30,47.0647
30,47.0302
30,46.3336
30,46.141
30,46.6353
30,46.8493
30,46.5603
30,46.7537
30,47.1355
30,46.6984
30,46.1907
30,46.8631
30,46.2649
30,46.5599
30,46.9995
30,46.2945
30,46.581
30,46.277
30,46.8401
30,47.1212
30,46.8638
30,46.9478
30,46.6003
30,46.3779
30,47.1154
30,46.7033
30,46.5485
30,46.2685
30,46.6113
30,46.2308
30,46.9272
30,47.1494
30,46.9367
30,46.9089
30,46.8149
30,46.6628
30,46.3087
30,46.3305
30,46.7695
30,46.5834
30,47.1152
30,46.6044
30,46.4991
30,46.4903
30,46.299
30,46.198
30,46.7303
30,46.9764
30,47.134
30,46.2145
30,46.2773
30,46.9409
30,47.1017
30,46.6905
30,46.8236
30,46.5304
30,47.1551
30,46.4802
30,46.1931
30,46.5372
30,46.5722
30,46.6051
30,46.2437
30,46.7045
30,46.2366
30,47.0676
30,46.8929
30,47.0067
30,46.4223
30,46.9641
30,46.5561
30,46.345
30,47.0954
30,46.7517
30,46.2881
30,46.4182
30,46.7522
30,46.9299
30,46.4127
30,46.427
30,47.1438
30,46.6686
30,46.7117
30,46.2219
30,46.7306
30,46.2622
30,47.007
30,46.4537
30,46.3105
30,46.3489
30,47.1133
30,46.1497
30,46.3032
30,46.7332
30,46.2726
30,46.1329
30,46.4925
30,46.4477
30,46.5093
30,46.7655
30,46.9885
30,46.546
30,46.75
30,46.7541
30,46.3626
30,46.1248
30,46.7363
30,46.4986
30,46.7838
30,46.8741
30,46.8643
30,46.3315
30,46.3614
30,46.1674
30,46.3618
30,46.1629
30,46.5346
30,46.067
30,46.239
30,47.0485
30,46.2376
30,47.0017
30,46.1211
30,46.6804
30,46.477
30,46.5793
30,46.272
30,46.3264
30,47.0299
30,46.7343
30,46.4377
30,46.0844
30,46.4531
30,46.8992
30,46.9353
30,46.6128
30,46.0831
30,46.5861
30,46.2421
30,46.5623
30,46.6175
30,46.0818
30,46.9634
30,46.6634
30,46.1214
30,46.7386
30,46.0959
30,46.6259
30,46.3408
30,46.1865
30,46.031
30,46.7777
30,46.8718
30,46.2357
30,46.2262
30,46.2544
30,46.7852
30,45.987
30,46.4047
30,46.827
30,46.6774
30,46.4515
30,46.427
30,46.6132
30,46.7989
30,46.8181
30,46.3406
30,46.6332
30,46.592
30,46.6266
30,46.8791
30,46.1877
30,46.0342
30,46.2675
30,46.8083
30,46.6059
30,46.3816
30,46.5681
30,46.3059
30,46.2527
30,46.3507
30,46.4771
30,46.1059
30,45.9313
30,46.8465
30,46.4755
30,46.7033
30,46.4821
30,46.4346
30,46.2879
30,46.3722
30,46.8288
30,46.6557
30,46.2857
30,45.8795
30,45.943
30,46.6224
30,45.9995
30,46.1481
30,45.9115
30,46.5058
30,46.4286
30,45.9219
30,46.042
30,46.6525
30,45.8434
30,46.0283
30,45.9042
30,46.5181
30,46.747
30,46.7599
30,45.9513
30,46.3127
30,46.3606
30,46.1056
30,46.1422
30,46.6422
30,46.2344
30,46.6678
30,46.2948
30,46.6347
30,45.9568
30,46.6752
30,46.4265
30,46.0462
30,46.0661
30,46.5785
30,46.7538
30,46.0924
30,46.47
30,46.4449
30,46.4874
30,46.3243
30,46.249
30,45.9278
30,46.4667
30,45.8302
30,46.223
30,46.6875
30,45.7964
30,45.9711
30,46.5026
30,46.2768
30,46.3563
30,45.9815
30,46.5948
30,46.1931
30,46.2052
30,46.1365
30,45.9689
30,46.5901
30,46.405
30,46.5407
30,46.7233
30,46.3284
30,46.313
30,46.7378
30,46.0009
30,46.4426
30,46.4688
30,46.7418
30,46.002
30,46.5358
30,46.4073
30,46.4036
30,46.3668
30,46.6501
30,46.7651
30,46.3198
30,46.7534
30,45.7994
30,46.6328
30,46.0144
30,45.9876
30,46.5939
30,46.1056
30,46.0337
30,45.9035
30,46.4114
30,46.3344
30,45.8341
30,46.7
30,46.2208
30,45.8169
30,46.0326
30,46.3699
30,46.272
30,46.3654
30,45.8843
30,46.1852
30,45.9664
30,46.2765
30,46.0022
30,46.356
30,46.1725
30,46.1613
30,46.7842
30,46.137
30,46.5432
30,46.3335
30,46.7198
30,46.1771
30,45.8921
30,45.8615
30,46.8296
30,46.5018
30,45.8968
30,46.172
30,46.0261
30,46.6491
30,46.7665
30,46.6892
30,46.0375
30,46.0689
30,46.4481
30,46.49
30,45.9865
30,46.7386
30,46.5454
30,46.5482
30,46.126
30,46.4286
30,46.5925
30,46.4198
30,46.8068
30,46.5437
30,46.2293
30,46.3238
30,46.3111
30,46.6454
30,46.3639
30,46.4656
30,46.4426
30,46.6288
30,46.7973
30,46.2194
30,46.5898
30,45.9644
30,46.7932
30,46.9148
30,46.8258
30,46.7163
30,46.4171
30,46.6149
30,46.6441
30,46.4527
30,46.7824
30,46.8264
30,46.812
30,46.6669
30,46.6608
30,46.426
30,46.9082
30,46.5351
30,46.1025
30,46.844
30,46.5276
30,46.3804
30,46.3529
30,46.7576
30,46.9829
30,46.6215
30,46.5811
30,46.6134
30,46.0663
30,46.4081
30,46.6319
30,46.9828
30,46.1864
30,46.3382
30,46.3648
30,46.2513
30,46.1217
30,46.6936
30,46.3064
30,46.5259
30,46.0745
30,46.7661
30,46.9284
30,46.986
30,46.3952
30,47
30,46.3251
30,46.1183
30,46.4061
30,47.0561
30,46.7376
30,46.2036
30,46.7611
30,46.7927
30,46.6818
30,47.0521
30,46.8401
30,46.304
30,46.991
30,46.7386
30,47.0667
30,46.2075
30,46.6212
30,46.4919
30,46.5421
30,46.4165
30,46.7021
30,46.9429
30,46.4532
30,46.8859
30,46.4152
30,46.6868
30,46.8422
30,46.9244
30,46.301
30,47.1145
30,46.5386
30,46.7323
30,46.4267
30,46.9296
30,46.4278
30,47.1093
30,46.8423
30,47.1232
30,46.2439
30,46.5627
30,47.1367
30,47.0799
30,46.571
30,46.2059
30,46.4701
30,46.4773
30,46.3763
30,46.814
30,46.8586
30,46.7054
30,46.7064
30,46.6571
30,46.4877
30,46.4006
30,46.799
30,46.7819
30,46.3515
30,47.149
30,46.656
30,46.7256
30,47.0169
30,47.126
30,46.8797
30,46.7391
30,46.6402
30,46.2056
30,46.3339
30,47.0869
30,46.7167
30,46.76
30,46.5861
30,46.5356
30,46.3122
30,46.9373
30,47.0283
30,47.0067
30,46.2382
30,46.5
30,46.266
30,46.4758
30,46.9001
30,46.6993
30,46.6616
30,47.1731
30,46.2013
30,46.3795
30,47.0918
30,46.7949
30,47.1588
30,47.1234
30,46.4499
30,47.0802
30,47.0477
30,46.6118
30,47.0936
30,46.7881
30,46.6259
30,46.2922
30,46.7929
30,46.7433
30,46.9049
30,46.5121
30,46.9918
30,47.1353
30,46.3916
30,46.4585
30,46.8639
30,47.0139
30,46.6731
30,46.271
30,46.9972
30,46.5046
30,46.4494
30,47.0317
30,46.2033
30,47.0852
30,46.7788
30,46.5104
30,46.972
30,46.5604
30,46.6784
30,46.1548
30,46.2044
30,47.0502
30,46.2975
30,46.775
30,46.6407
30,46.6482
30,47.0708
30,46.7129
30,46.8493
30,46.8988
30,46.5081
30,46.527
30,46.458
30,46.9223
30,47.0626
30,46.9056
30,46.7877
30,46.6158
30,46.1116
30,46.8247
30,46.9761
30,46.9164
30,47.0303
30,46.9604
30,46.5076
30,46.3986
30,46.1641
30,46.5943
30,47.0406
30,46.0842
30,47.0394
30,46.9152
30,46.0886
30,46.4331
30,46.6404
30,46.9619
30,46.0339
30,46.6135
30,46.3495
30,46.4034
30,46.6082
30,46.9974
30,46.4784
30,46.7786
30,46.6655
30,46.6744
30,46.8087
30,46.3279
30,46.2714
30,46.8205
30,46.7265
30,46.5381
30,46.685
30,46.4701
30,46.0131
30,46.5377
30,46.244
30,46.7479
30,46.9557
30,46.1884
30,46.5995
30,46.4756
30,46.4862
30,46.2846
30,46.7289
30,46.1284
30,46.2144
30,46.9117
30,46.1157
30,46.6126
30,46.3074
30,46.2613
30,46.4867
30,46.6379
30,46.337
30,46.8723
30,46.2657
30,46.3707
30,46.2065
30,46.4135
30,46.1916
30,46.5655
30,46.5921
30,46.0803
30,46.2599
30,46.4898
30,46.134
30,46.8376
30,46.414
30,46.1594
30,46.4764
30,46.4307
30,46.655
30,46.6721
30,46.0957
30,46.0338
30,46.2685
30,46.3463
30,46.0654
30,46.5695
30,45.8872
30,45.8901
30,46.5052
30,45.9602
30,46.2415
30,45.9399
30,46.1932
30,46.2294
30,46.49
30,45.8809
30,46.6659
30,45.9874
30,46.5284
30,46.6512
30,46.404
30,46.2161
30,46.0375
30,46.0804
30,45.9995
30,46.3562
30,46.2981
30,46.0584
30,46.4157
30,45.9745
30,46.0178
30,45.8515
30,46.0563
30,46.391
30,46.72
30,46.4928
30,46.22
30,46.2707
30,46.4058
30,46.6951
30,46.1322
30,46.7477
30,46.1888
30,45.8909
30,46.5341
30,46.4255
30,45.8593
30,46.613
30,46.2591
30,45.8764
30,46.3955
30,46.3692
30,46.5916
30,46.5355
30,46.3149
30,46.7145
30,46.4096
30,46.4828
30,46.1683
30,46.5869
30,46.4119
30,46.7354
30,46.0951
30,45.9457
30,46.1517
30,46.7649
30,46.5894
30,46.5725
30,46.5981
30,46.6913
30,46.4288
30,46.5041
30,46.6739
30,46.2529
30,46.6088
30,46.1919
30,46.6389
30,46.4854
30,46.6543
30,46.3155
30,46.6761
30,46.0603
30,46.6919
30,46.6827
30,46.5808
30,46.5439
30,45.9674
30,46.439
30,45.9026
30,46.7046
30,46.6548
30,46.2132
30,46.6092
30,46.6332
30,46.2244
30,46.5761
30,45.9299
30,46.4656
30,46.8177
30,46.4627
30,46.6772
30,46.5787
30,46.2115
30,46.2105
30,46.1751
30,46.351
30,46.6045
30,46.5133
30,46.8349
30,46.4219
30,46.367
30,46.3965
30,46.4817
30,46.3611
30,46.4097
30,46.2134
30,46.219
30,46.3091
30,46.6022
30,46.2614
30,46.2019
30,46.6837
30,46.8537
30,46.8836
30,45.9183
30,46.7713
30,46.2906
30,46.6537
30,46.6023
30,46.8512
30,46.0598
30,46.5842
30,46.6594
30,46.4942
30,46.5011
30,46.0844
30,46.2234
30,46.5389
30,46.3926
30,46.6062
30,46.8484
30,46.7946
30,46.5673
30,46.3519
30,46.54
30,46.3756
30,46.5348
30,46.7155
30,46.5607
30,46.0309
30,46.4488
30,46.2357
30,46.4269
30,46.7666
30,46.1557
30,46.9521
30,46.1715
30,46.523
30,46.6225
30,46.7837
